# level length
6
# level speed (used for development/testing)
0.4
# ground data
17
 0.0 0.1
 1.0 0.1
 1.0 0.5
 1.25 0.5
 1.25 0.1
 2.0 0.1
 3.0 0.1
 4.0 0.1
 4.0 0.6
 4.25 0.6
 4.25 0.1
 5.0 0.1
 5.25 0.1
 5.25 0.6
 5.5 0.6
 5.5 0.1
 6.0 0.1
# ceiling data
18
 0.0 0.85
 1.0 0.85
 1.5 0.85
 1.5 0.5
 1.75 0.5
 1.75 0.85
 2.0 0.85
 3.0 0.85
 3.0 0.35
 3.25 0.35
 3.25 0.85
 3.0 0.85
 5.0 0.85
 5.005 0.85
 5.005 0.35
 5.1 0.35
 5.1 0.85
 6.0 0.85
# enemy data
6
1  4.0 0.6 0.0 0.0
1  6.0 0.6 0.0 0.0
1  7.0 0.6 0.0 0.0
1  9.0 0.6 0.0 0.0
1 11.0 0.6 0.0 0.0
1 15.0 0.6 0.0 0.0
#end
